rho_max: 5
rho_min: 0
iterations: 0
N: 200
eps: 1e-08
3232.08 
3232.08 
3232.09 
3232.09 
3232.1 
3232.1 
3232.11 
3232.12 
3232.13 
3232.14 
3232.15 
3232.17 
3232.18 
3232.2 
3232.22 
3232.24 
3232.26 
3232.28 
3232.3 
3232.33 
3232.35 
3232.38 
3232.41 
3232.44 
3232.47 
3232.5 
3232.53 
3232.57 
3232.6 
3232.64 
3232.67 
3232.71 
3232.75 
3232.8 
3232.84 
3232.88 
3232.93 
3232.97 
3233.02 
3233.07 
3233.12 
3233.17 
3233.22 
3233.28 
3233.33 
3233.39 
3233.45 
3233.51 
3233.57 
3233.63 
3233.69 
3233.75 
3233.82 
3233.88 
3233.95 
3234.02 
3234.09 
3234.16 
3234.23 
3234.31 
3234.38 
3234.46 
3234.54 
3234.61 
3234.69 
3234.78 
3234.86 
3234.94 
3235.03 
3235.11 
3235.2 
3235.29 
3235.38 
3235.47 
3235.56 
3235.65 
3235.75 
3235.84 
3235.94 
3236.04 
3236.14 
3236.24 
3236.34 
3236.45 
3236.55 
3236.66 
3236.76 
3236.87 
3236.98 
3237.09 
3237.2 
3237.32 
3237.43 
3237.55 
3237.66 
3237.78 
3237.9 
3238.02 
3238.14 
3238.27 
3238.39 
3238.52 
3238.64 
3238.77 
3238.9 
3239.03 
3239.16 
3239.3 
3239.43 
3239.57 
3239.7 
3239.84 
3239.98 
3240.12 
3240.26 
3240.41 
3240.55 
3240.7 
3240.84 
3240.99 
3241.14 
3241.29 
3241.44 
3241.59 
3241.75 
3241.9 
3242.06 
3242.22 
3242.38 
3242.54 
3242.7 
3242.86 
3243.03 
3243.19 
3243.36 
3243.53 
3243.69 
3243.86 
3244.04 
3244.21 
3244.38 
3244.56 
3244.73 
3244.91 
3245.09 
3245.27 
3245.45 
3245.63 
3245.82 
 3246 
3246.19 
3246.38 
3246.57 
3246.76 
3246.95 
3247.14 
3247.33 
3247.53 
3247.72 
3247.92 
3248.12 
3248.32 
3248.52 
3248.72 
3248.93 
3249.13 
3249.34 
3249.54 
3249.75 
3249.96 
3250.17 
3250.39 
3250.6 
3250.81 
3251.03 
3251.25 
3251.47 
3251.69 
3251.91 
3252.13 
3252.35 
3252.58 
3252.8 
3253.03 
3253.26 
3253.49 
3253.72 
3253.95 
3254.18 
3254.42 
3254.65 
3254.89 
3255.13 
3255.37 
3255.61 
3255.85 
3256.09 
3256.34 
3256.58 
3256.83 
