rho_max: 5
rho_min: 0
iterations: 0
N: 400
eps: 1e-08
12864.1 
12864.1 
12864.1 
12864.1 
12864.1 
12864.1 
12864.1 
12864.1 
12864.1 
12864.1 
12864.1 
12864.1 
12864.1 
12864.1 
12864.1 
12864.1 
12864.1 
12864.1 
12864.1 
12864.1 
12864.1 
12864.2 
12864.2 
12864.2 
12864.2 
12864.2 
12864.2 
12864.2 
12864.2 
12864.2 
12864.2 
12864.2 
12864.2 
12864.3 
12864.3 
12864.3 
12864.3 
12864.3 
12864.3 
12864.3 
12864.3 
12864.4 
12864.4 
12864.4 
12864.4 
12864.4 
12864.4 
12864.4 
12864.5 
12864.5 
12864.5 
12864.5 
12864.5 
12864.5 
12864.6 
12864.6 
12864.6 
12864.6 
12864.6 
12864.6 
12864.7 
12864.7 
12864.7 
12864.7 
12864.7 
12864.8 
12864.8 
12864.8 
12864.8 
12864.8 
12864.9 
12864.9 
12864.9 
12864.9 
12865 
12865 
12865 
12865 
12865.1 
12865.1 
12865.1 
12865.1 
12865.2 
12865.2 
12865.2 
12865.2 
12865.3 
12865.3 
12865.3 
12865.3 
12865.4 
12865.4 
12865.4 
12865.5 
12865.5 
12865.5 
12865.5 
12865.6 
12865.6 
12865.6 
12865.7 
12865.7 
12865.7 
12865.8 
12865.8 
12865.8 
12865.9 
12865.9 
12865.9 
12866 
12866 
12866 
12866.1 
12866.1 
12866.1 
12866.2 
12866.2 
12866.2 
12866.3 
12866.3 
12866.4 
12866.4 
12866.4 
12866.5 
12866.5 
12866.5 
12866.6 
12866.6 
12866.7 
12866.7 
12866.7 
12866.8 
12866.8 
12866.9 
12866.9 
12867 
12867 
12867 
12867.1 
12867.1 
12867.2 
12867.2 
12867.3 
12867.3 
12867.3 
12867.4 
12867.4 
12867.5 
12867.5 
12867.6 
12867.6 
12867.7 
12867.7 
12867.8 
12867.8 
12867.9 
12867.9 
12868 
12868 
12868.1 
12868.1 
12868.2 
12868.2 
12868.3 
12868.3 
12868.4 
12868.4 
12868.5 
12868.5 
12868.6 
12868.6 
12868.7 
12868.7 
12868.8 
12868.8 
12868.9 
12869 
12869 
12869.1 
12869.1 
12869.2 
12869.2 
12869.3 
12869.3 
12869.4 
12869.5 
12869.5 
12869.6 
12869.6 
12869.7 
12869.8 
12869.8 
12869.9 
12869.9 
12870 
12870.1 
12870.1 
12870.2 
12870.2 
12870.3 
12870.4 
12870.4 
12870.5 
12870.6 
12870.6 
12870.7 
12870.7 
12870.8 
12870.9 
12870.9 
12871 
12871.1 
12871.1 
12871.2 
12871.3 
12871.3 
12871.4 
12871.5 
12871.5 
12871.6 
12871.7 
12871.7 
12871.8 
12871.9 
12872 
12872 
12872.1 
12872.2 
12872.2 
12872.3 
12872.4 
12872.4 
12872.5 
12872.6 
12872.7 
12872.7 
12872.8 
12872.9 
12873 
12873 
12873.1 
12873.2 
12873.3 
12873.3 
12873.4 
12873.5 
12873.6 
12873.6 
12873.7 
12873.8 
12873.9 
12874 
12874 
12874.1 
12874.2 
12874.3 
12874.3 
12874.4 
12874.5 
12874.6 
12874.7 
12874.8 
12874.8 
12874.9 
12875 
12875.1 
12875.2 
12875.2 
12875.3 
12875.4 
12875.5 
12875.6 
12875.7 
12875.8 
12875.8 
12875.9 
12876 
12876.1 
12876.2 
12876.3 
12876.4 
12876.4 
12876.5 
12876.6 
12876.7 
12876.8 
12876.9 
12877 
12877.1 
12877.2 
12877.2 
12877.3 
12877.4 
12877.5 
12877.6 
12877.7 
12877.8 
12877.9 
12878 
12878.1 
12878.2 
12878.3 
12878.4 
12878.4 
12878.5 
12878.6 
12878.7 
12878.8 
12878.9 
12879 
12879.1 
12879.2 
12879.3 
12879.4 
12879.5 
12879.6 
12879.7 
12879.8 
12879.9 
12880 
12880.1 
12880.2 
12880.3 
12880.4 
12880.5 
12880.6 
12880.7 
12880.8 
12880.9 
12881 
12881.1 
12881.2 
12881.3 
12881.4 
12881.5 
12881.6 
12881.7 
12881.8 
12881.9 
12882.1 
12882.2 
12882.3 
12882.4 
12882.5 
12882.6 
12882.7 
12882.8 
12882.9 
12883 
12883.1 
12883.2 
12883.3 
12883.5 
12883.6 
12883.7 
12883.8 
12883.9 
12884 
12884.1 
12884.2 
12884.3 
12884.5 
12884.6 
12884.7 
12884.8 
12884.9 
12885 
12885.1 
12885.2 
12885.4 
12885.5 
12885.6 
12885.7 
12885.8 
12885.9 
12886.1 
12886.2 
12886.3 
12886.4 
12886.5 
12886.6 
12886.8 
12886.9 
12887 
12887.1 
12887.2 
12887.4 
12887.5 
12887.6 
12887.7 
12887.8 
12888 
12888.1 
12888.2 
12888.3 
12888.5 
12888.6 
12888.7 
12888.8 
12889 
