rho_max: 5
rho_min: 0
iterations: 205756
N: 350
eps: 1e-08
6287.06 
14327.2 
2605.21 
18194.7 
762.825 
11922.2 
4411.61 
17003.1 
1220.68 
13687 
7979.46 
19592.8 
181.998 
10701.5 
5323.17 
19184.9 
385.328 
16029.3 
7207.12 
19680.7 
1728.05 
12775.6 
3361.71 
17636.5 
2092.29 
15317.2 
8939.51 
19293.7 
48.1384 
11227.4 
4634.01 
18632.2 
254.1 
16498.7 
7462.9 
19454.8 
904.026 
10084.9 
3768.64 
18861.2 
1828.92 
14868.7 
8501.45 
19709.4 
2.99994 
13276.8 
5639.19 
17796.5 
488.029 
16300.6 
6701.5 
18999.5 
1487.35 
11052.4 
3036.87 
18377.9 
2910.73 
14009.8 
9379.42 
19619.5 
85.7863 
12351.4 
5879.78 
17414.6 
338.527 
15750.1 
6953.26 
19512.3 
1017.47 
11662.7 
3908.25 
18787.7 
1985.05 
15094.8 
9732.09 
19663.5 
15.0044 
12521.7 
4936.38 
16880.3 
602.75 
15890.6 
6452.02 
19095.5 
1306.84 
10437.5 
3230.17 
18465.4 
2487.04 
14638.9 
8152.92 
19546.8 
136.073 
13027.3 
5167.32 
18000.8 
198.863 
16755.3 
7720.4 
19343.5 
831.978 
10877.1 
4193.15 
18550.2 
2257.82 
14169.2 
9115.3 
19712.5 
6.99969 
12008.4 
4784.38 
17300 
664.571 
15535.7 
6785.18 
19267.6 
1581.64 
10261.3 
3562.9 
18099 
2665.17 
15243.5 
8676.39 
19643 
65.3698 
13523.8 
5480.47 
17526.8 
361.547 
16628.1 
7037.66 
19412.6 
1137.3 
11401.9 
3699.57 
18931.8 
1880.33 
14483.8 
9643.89 
19700.5 
28.3871 
12180.3 
5089.95 
17123.6 
543.896 
15960.2 
6123.24 
19032.2 
1395.74 
10525.5 
3165.2 
18287.6 
2371.23 
14792.5 
8326.94 
19606.5 
150.602 
13110.7 
5799.25 
17899.9 
234.915 
16165.9 
7806.59 
19319 
941.128 
11140 
4049.77 
18711.4 
2146.85 
13849 
9467.55 
19694.7 
40.7324 
12094.4 
4338.35 
17183 
572.951 
15463.3 
6369.4 
19213.2 
1056.71 
9908.52 
3495.33 
18333.1 
2786.81 
15019.8 
8851.72 
19715.8 
10.9994 
13359.4 
5559.66 
17848.5 
435.168 
16433.1 
7292.18 
19493.9 
797.039 
11489 
3838.2 
18824.8 
1678.59 
14248.4 
9203.29 
19562.9 
109.36 
12606.5 
4708.99 
17241.8 
461.222 
15679.1 
6618.08 
19126.1 
1534.16 
10613.5 
2973.52 
18050.2 
2314.22 
14561.5 
8066.12 
19653.6 
97.1796 
12859.7 
5960.62 
17690.5 
294.779 
16818.1 
7634.39 
19390.3 
1263.42 
10964.8 
4265.52 
18672.1 
1932.37 
13768.2 
9555.71 
19720.4 
23.4222 
11749.4 
5245.06 
16942 
729.341 
15607.6 
 6205 
19240.8 
1441.2 
10173.1 
3295.68 
18508.1 
2545.83 
14715.9 
8588.87 
19474.7 
216.502 
13193.9 
5401.64 
18147.2 
56.3535 
16367.1 
7377.44 
19672.5 
1096.65 
11575.9 
3978.77 
18896.8 
2038.36 
14089.6 
9291.33 
19578.2 
274.055 
12436.6 
4559.45 
17471 
633.291 
16097.8 
6869.1 
19064.3 
1350.95 
10789.3 
3630.98 
18422 
2725.71 
15169.4 
8239.87 
19705.4 
19.0707 
13441.8 
6041.78 
17582 
316.271 
16563.6 
7548.55 
19434 
867.642 
11314.7 
3100.76 
18749.9 
2428.83 
13929.6 
9027.37 
19631.6 
122.325 
12943.6 
4860.18 
17743.8 
515.588 
15820.6 
7122.28 
19155.9 
1178.64 
9996.73 
4121.23 
18241.5 
1778.16 
14944.4 
8764.01 
19530 
34.146 
12265.9 
5012.97 
17063.7 
165.911 
16233.5 
6534.92 
19727 
978.945 
10349.4 
3428.26 
18591.5 
2202.03 
14405.7 
8414.14 
19688.1 
409.869 
12691.2 
4485.32 
17357.6 
1629.79 
15390.5 
7892.94 
19367.3 
75.182 
11835.9 
2848.49 
17950.7 
9820.31 
16692 
696.589 
18966 
5719.05 
13605.6 
