rho_max: 10
rho_min: 0
iterations: 35754
N: 150
eps: 1e-08
292.653 
677.541 
133.034 
886.331 
18.9503 
531.906 
170.072 
808.849 
6.99314 
642.49 
428.019 
901.597 
42.7449 
475.167 
235.37 
857.259 
93.9363 
743.427 
363.259 
910.223 
2.99863 
597.192 
116.842 
815.443 
10.9833 
711.268 
309.86 
867.697 
58.5188 
513.023 
212.448 
898.133 
157.088 
727.558 
400.021 
914.788 
34.8312 
569.414 
275.794 
834.323 
14.969 
773.784 
345.195 
907.686 
78.1355 
494.099 
197.784 
862.567 
122.05 
660.166 
456.26 
890.487 
26.8996 
587.975 
251.225 
795.232 
22.9271 
758.845 
327.385 
924.025 
66.3788 
550.714 
176.788 
877.403 
85.9652 
686.107 
409.32 
927.796 
38.7903 
624.545 
243.243 
840.304 
30.8676 
781.065 
372.376 
917.502 
102.464 
503.564 
219.969 
881.967 
74.2208 
702.974 
418.654 
941.243 
50.6408 
615.481 
301.215 
828.183 
46.6951 
751.194 
381.545 
931.91 
144.729 
541.321 
190.648 
904.793 
107.041 
694.585 
465.708 
946.534 
54.5821 
651.363 
267.505 
846.123 
62.4511 
788.215 
336.256 
958.68 
163.504 
560.08 
227.611 
912.457 
127.45 
735.547 
446.826 
965.765 
70.3021 
633.549 
318.585 
872.644 
98.1032 
821.889 
390.761 
973.801 
138.796 
578.714 
259.314 
936.382 
150.828 
766.376 
484.632 
952.316 
82.0477 
668.893 
284.178 
894.425 
183.648 
802.111 
437.411 
983.239 
89.9117 
606.363 
205.051 
920.591 
522.471 
851.776 
111.836 
995.238 
354.197 
719.464 
