rho_max: 10
rho_min: 0
iterations: 15591
N: 100
eps: 1e-08
92.2667 
330.775 
18.8884 
383.997 
2.99693 
234.281 
155.416 
366.587 
50.1899 
259.345 
123.283 
401.534 
6.98465 
308.001 
144.263 
408.891 
38.528 
209.279 
73.2345 
361.852 
26.7745 
296.149 
190.818 
411.253 
10.9625 
271.77 
108.984 
395.182 
61.7591 
341.597 
178.748 
375.615 
14.9304 
240.558 
84.6235 
413.994 
42.4255 
319.56 
203.087 
398.483 
22.8365 
284.055 
100.29 
417.09 
30.7024 
351.973 
161.131 
387.922 
65.5947 
253.096 
133.531 
428.357 
34.6203 
336.239 
221.746 
420.518 
54.0567 
302.108 
118.363 
432.797 
46.3129 
371.178 
184.755 
404.293 
88.4232 
265.572 
149.791 
442.864 
57.9131 
356.978 
228.009 
437.618 
77.0387 
313.82 
128.342 
454.911 
69.4198 
391.655 
215.501 
424.271 
104.548 
290.129 
166.929 
461.942 
80.8336 
346.844 
246.832 
469.925 
96.2059 
325.214 
196.931 
479.31 
138.841 
406.709 
277.933 
491.263 
113.593 
448.598 
172.804 
379.891 
