rho_max: 5
rho_min: 0
iterations: 104290
N: 250
eps: 1e-08
2277.87 
7818.95 
432.206 
9713.8 
85.6892 
5332.14 
4076.75 
8775.57 
1495.72 
6449.1 
3054.29 
9803.38 
215.8 
7271.69 
3407.19 
10021.7 
657.548 
6629.86 
1679.07 
9469.9 
1000.78 
8225.95 
4764.69 
9915.31 
6.99938 
5833.74 
2492.04 
9169.94 
272.91 
8556.09 
3647.73 
10073.4 
890.898 
5206.1 
1969.8 
9529.07 
1156.14 
7550.22 
4325.46 
10056.1 
34.1353 
6867.37 
2825.14 
9019.61 
109.195 
8026.18 
3229.46 
9862.74 
539.226 
5583.61 
1773.95 
9241.26 
963.512 
7100.32 
4575.98 
9999.77 
97.0519 
6143.56 
2881.93 
8940.68 
198.274 
8370.57 
3953.26 
9961.01 
720.856 
5958.11 
2019.98 
9612.54 
1321.26 
7712.7 
4953.79 
10080.5 
2.99988 
6327.47 
2384.12 
8645.58 
165.509 
8127.03 
3526.99 
9760.07 
457.886 
5079.95 
1586.31 
9407.96 
820.889 
7439.92 
4200.84 
10040.5 
19.0685 
6689.63 
2996.51 
9096.04 
336.757 
8464.4 
3769.35 
9898.55 
786.875 
5771.37 
1870.88 
9664.62 
1237.51 
7042.54 
4701.73 
10068.5 
48.1128 
6081.9 
2601.57 
8859.32 
28.3806 
7975.05 
3288.43 
9737.3 
567.758 
 5458 
1726.25 
9343.3 
1116.37 
7604.78 
4450.53 
9946.55 
135.808 
6926.06 
2712.62 
8980.45 
314.732 
8510.52 
3708.44 
10011.1 
626.924 
5646.29 
2121.77 
9585.42 
1407.35 
7384.2 
4890.73 
10083.8 
10.9987 
6266.36 
2330.78 
8732.81 
181.51 
8176.73 
3170.77 
9823.91 
484.286 
5395.1 
1540.74 
9309.95 
926.882 
7766.04 
4138.72 
10048.7 
65.3172 
6509.58 
2939.05 
9205.93 
293.448 
8274.67 
4014.93 
9931.31 
753.529 
5895.99 
2173.36 
9638.94 
1364.01 
7214.9 
4827.69 
10077.4 
56.3162 
6388.39 
2546.61 
8900.3 
253.12 
7871.43 
3466.97 
9782.09 
383.02 
5143.03 
1920.09 
9439.28 
1196.52 
7495.26 
4387.95 
9974.71 
15.003 
6808.4 
2768.7 
9058.14 
122.114 
8417.75 
3830.47 
10088.4 
596.993 
5708.88 
1632.42 
9557.6 
1279.09 
7157.77 
4638.83 
10031.5 
40.7154 
6205.05 
2437.88 
8689.48 
407.249 
8076.84 
3587.24 
9843.7 
688.861 
5269.13 
2070.64 
9375.97 
1038.69 
7658.95 
4263.09 
9881.02 
23.4184 
6749.15 
2656.91 
9275.94 
234.083 
8322.88 
3347.68 
10095 
511.401 
5520.84 
1822.16 
9499.83 
1077.22 
7328.12 
4513.22 
10062.7 
150.274 
6569.84 
2225.39 
8817.74 
855.565 
7923.47 
3891.78 
9987.63 
75.1097 
6020.08 
1451.25 
9133.31 
5016.87 
8601.11 
359.521 
9689.58 
3112.38 
6984.45 
