rho_max: 10
rho_min: 0
iterations: 198530
N: 350
eps: 1e-08
1541.78 
3573.45 
697.827 
4530.99 
130.228 
2925.19 
1097.78 
4235.53 
316.338 
3391.62 
2004.52 
4876.4 
30.9756 
2662.62 
1303.85 
4754.47 
90.8737 
4089.43 
1748.59 
4917.02 
463.739 
3182.83 
888.521 
4440.01 
568.333 
3841.99 
2222.27 
4839.76 
2.99975 
2816.22 
1171.25 
4636.13 
58.9115 
4171.93 
1854.34 
4901.25 
249.193 
2486.33 
839.017 
4717.88 
527.918 
3690.86 
2156.64 
4925.91 
14.9943 
3119.05 
1381.76 
4412.6 
183.495 
3986.22 
1665.05 
4796.07 
369.616 
2728.56 
1026.11 
4579.4 
596.054 
3513.55 
2398.14 
4858.98 
6.99873 
3308.87 
1461.11 
4341.4 
38.9614 
3932.99 
1623.67 
4909.63 
214.84 
2881.69 
922.172 
4678.42 
403.651 
3767.24 
2354.09 
4930.5 
74.8571 
3054.82 
1246.42 
4296.89 
155.247 
4106.19 
1939.89 
4771.67 
347.783 
2574.52 
759.188 
4657.62 
653.319 
3729.24 
2047.81 
4864.99 
22.9865 
3329.66 
1481.15 
4492.96 
103.894 
3878.72 
1562.14 
4923.29 
267.475 
2772.43 
973.592 
4613.95 
488.927 
3452.93 
2442.23 
4818.78 
10.9969 
3225.08 
1134.3 
4384.57 
168.977 
4139.32 
1790.72 
4891.95 
337.126 
2618.59 
806.677 
4736.54 
728.223 
3632.56 
2113.01 
4936.28 
50.9339 
3011.77 
1342.62 
4266.49 
18.9908 
3968.6 
1706.69 
4811.4 
223.149 
2968.56 
1043.86 
4555.52 
541.233 
3804.82 
2310.09 
4846.36 
82.8292 
3267.1 
1152.72 
4466.8 
142.322 
4038.38 
1897.02 
4920.32 
439.206 
2706.6 
939.187 
4698.51 
624.386 
3553.57 
2091.25 
4943.5 
42.953 
3076.27 
1284.61 
4281.76 
26.9815 
3915.02 
1603.09 
4788.13 
286.483 
2859.9 
790.71 
4602.6 
451.39 
3671.52 
2266.14 
4886.98 
113.724 
3432.57 
1421.26 
4518.47 
198.787 
 4204 
1833.08 
4928.19 
392.136 
2530.43 
1079.69 
4745.6 
668.009 
3493.43 
2200.37 
4952.12 
66.8859 
2990.18 
1208.63 
4355.94 
34.9689 
4021.12 
1769.62 
4852.77 
258.243 
2750.51 
855.387 
4567.54 
514.761 
3748.29 
2376.11 
4905.55 
95.022 
3246.12 
1501.28 
4426.39 
148.683 
4188.03 
1982.94 
4939.72 
326.644 
2640.61 
956.328 
4708.28 
712.954 
3612.94 
2178.49 
4962.32 
46.9439 
3140.36 
1227.47 
4311.87 
78.842 
4055.52 
1644.33 
4825.96 
296.256 
2903.46 
822.78 
4668.11 
501.763 
3860.41 
2464.28 
4881.79 
124.502 
3371.03 
1362.15 
4479.96 
206.719 
4122.82 
1875.66 
 4957 
415.335 
2684.62 
1008.49 
4763.16 
638.778 
3533.6 
2069.51 
4974.53 
54.9231 
3097.69 
1323.19 
4370.33 
62.8991 
3950.85 
1727.61 
4870.79 
276.889 
2838.07 
905.283 
4646.96 
582.117 
3786.08 
2508.38 
4933.2 
136.169 
3350.38 
1521.49 
4505.8 
191.045 
4155.69 
1961.39 
4968.14 
380.791 
2552.48 
1115.99 
4779.99 
743.635 
3652.09 
2244.2 
4989.72 
108.687 
3203.99 
1265.46 
4326.71 
70.8719 
4003.73 
1685.84 
4832.96 
358.613 
2946.89 
871.889 
4591.08 
554.705 
3823.46 
2332.09 
4913.46 
162.013 
3412.13 
1441.14 
4453.49 
231.645 
4219.83 
1918.43 
4981.65 
476.251 
2596.56 
1061.72 
4688.55 
682.845 
3593.24 
2134.81 
4999.19 
86.8293 
3288.02 
1401.47 
4543.34 
118.998 
4072.54 
1811.87 
4896.71 
240.327 
2794.34 
990.978 
4727.3 
610.144 
3710.1 
2288.11 
4947.63 
176.139 
3161.62 
1189.89 
4398.66 
427.187 
3896.93 
2026.15 
5011.22 
99.3453 
3033.32 
774.88 
4625.12 
2420.18 
4251.08 
306.209 
4803.83 
1582.58 
3473.22 
