rho_max: 10
rho_min: 0
iterations: 260505
N: 400
eps: 1e-08
2009.97 
4717.17 
883.923 
5897.39 
249.945 
3838.08 
1393.96 
5562.95 
441.91 
4488.73 
2611.16 
6368.84 
62.9228 
3563.78 
1714.7 
6239.73 
119.113 
5226.11 
2342.24 
6417.42 
601.33 
4180.61 
1136.55 
5762.34 
736.371 
4957.99 
2934.93 
6385.69 
10.9976 
3688.88 
1583.61 
6056.82 
2.99981 
5418.54 
2488.22 
6315.04 
328.042 
3287.14 
1233.11 
6181.12 
573.089 
4871.79 
2759.97 
6424.29 
86.8748 
3985.99 
1849.19 
5714.51 
176.465 
5165.96 
2150.78 
6211.25 
479.483 
3463.35 
1006.86 
5993.34 
800.448 
4535.07 
3110.83 
6343.52 
26.9858 
4347.93 
1917.61 
5631.78 
108.774 
5323.92 
2246.02 
6409.5 
297.377 
3788.48 
1272.6 
6092.84 
659.758 
4936.6 
3186.37 
6432.17 
18.993 
4083.71 
1626.91 
5509.83 
199.226 
5084.11 
2056.62 
6266.53 
518.593 
3387.88 
1098.83 
5966.75 
935.761 
 4784 
2710.23 
6429.89 
6.99903 
4252.69 
1963.63 
5868.49 
70.9019 
5473.72 
2439.35 
6322.45 
349.393 
3638.91 
1353.04 
6149.35 
689.932 
4626.8 
3035.36 
6400.64 
42.964 
3912.22 
1477.17 
5681.87 
155.484 
5265.6 
2294.01 
6220.92 
405.895 
3337.52 
971.032 
6031.94 
768.104 
4828.09 
2834.8 
6356.58 
34.9762 
4300.44 
1670.61 
5808.78 
14.9956 
5125.26 
2198.27 
6437.18 
371.461 
3513.6 
1194.1 
6081.01 
587.128 
4581.1 
2884.82 
6299.63 
142.511 
4132.27 
1519.43 
5730.61 
215.37 
5362.16 
2561.85 
6390.89 
417.726 
3738.74 
1061.64 
6138.4 
850.09 
4672.16 
3060.5 
6443.7 
54.9411 
4034.95 
1759.17 
5597.65 
99.4111 
5063.37 
2103.56 
6283.46 
268.361 
3236.76 
1312.58 
5939.5 
644.91 
5042.51 
2660.62 
6336.69 
22.9897 
4395.15 
1540.72 
5838.96 
191.444 
5455.46 
2390.69 
6420.99 
492.35 
3613.89 
1213.54 
6115.98 
816.846 
4511.94 
3161.18 
6451.61 
46.957 
3936.85 
 1804 
5648.62 
130.376 
5206.18 
2222.11 
6248.85 
338.627 
3438.2 
1043.25 
6019.24 
705.256 
4806.1 
2809.83 
6374.66 
30.9813 
4371.57 
1648.71 
5793.46 
241.018 
5304.6 
2512.72 
6440.26 
454.262 
3813.3 
1435.34 
6170.71 
901.059 
4739.54 
2985.11 
6460.99 
78.8792 
4156.47 
1894.72 
5545.38 
38.9704 
5245.92 
2033.26 
6275.09 
307.416 
3538.7 
1174.79 
5953.21 
630.222 
4915.1 
2635.87 
6413.59 
124.633 
4228.72 
1736.89 
5883.02 
232.279 
5399.88 
 2415 
6362.81 
545.508 
3713.82 
1332.75 
6191.34 
953.326 
4649.52 
3211.56 
6456.11 
50.9494 
4010.49 
1826.55 
5698.26 
66.9126 
5104.74 
2127.13 
6307.43 
382.762 
3362.71 
1117.63 
 6069 
752.161 
4893.5 
2960.01 
6395.88 
162.277 
4276.6 
1498.24 
5823.95 
183.856 
5381.08 
2586.49 
6472.13 
466.787 
3862.83 
1292.53 
6127.28 
833.394 
4558.13 
3010.23 
6434.49 
58.9323 
4108.02 
1940.58 
5614.79 
103.97 
5285.17 
2318.1 
6291.64 
360.337 
3488.48 
1024.99 
5980.13 
674.766 
5000.46 
2735.08 
6380.28 
148.894 
4442.09 
1562.11 
5925.63 
277.848 
5527.68 
2463.76 
6485.64 
559.216 
3663.91 
1414.6 
6230.42 
918.338 
4694.71 
3085.66 
6329.67 
74.8906 
3961.44 
1781.54 
5665.32 
223.729 
5145.67 
2269.98 
6466.31 
287.52 
3312.34 
1155.61 
6044.47 
784.2 
5021.54 
2859.8 
6493.72 
90.9243 
4418.65 
1692.61 
5853.81 
169.271 
5437.07 
2174.49 
6405.19 
394.241 
3763.62 
1373.44 
6160.12 
615.695 
4603.99 
3261.95 
6503.19 
82.8703 
4059.35 
1986.77 
5746.55 
259.06 
5186.13 
2537.26 
6257.78 
531.967 
3413.05 
1456.2 
6006.37 
988.879 
4849.99 
2784.89 
6447.48 
95.0794 
4324.22 
1871.91 
5580.37 
207.202 
5491.85 
2366.44 
6515.22 
429.731 
3588.85 
1080.17 
6104.49 
720.736 
4761.82 
2909.86 
6427.27 
113.824 
4204.7 
1252.79 
5911.59 
317.638 
5343.1 
 3136 
6350.15 
136.337 
3887.55 
2080.05 
6201.39 
866.933 
4979.28 
2685.41 
6478.52 
505.387 
5777.98 
1605.21 
4465.45 
