rho_max: 5
rho_min: 0
iterations: 66827
N: 200
eps: 1e-08
2032.78 
4856.45 
946.087 
6209.22 
197.603 
4015.78 
1369.37 
5638.92 
48.0835 
4353.75 
3063.69 
6461.36 
380.39 
3265.67 
1624.38 
6026.73 
619.699 
5272.45 
2563.49 
6371.82 
10.9978 
4210.31 
1018.36 
6167.85 
121.874 
4985.87 
2318.82 
5737.83 
291.93 
3568.21 
1802.42 
6415.57 
742.999 
5111.45 
2862.41 
6283.22 
23.414 
3818.23 
1452.66 
5918.96 
75.0271 
5498.88 
2222.45 
6446.74 
561.861 
3467.55 
1208.37 
6123.61 
775.369 
4587.24 
2712.37 
6452.5 
2.99981 
4113.47 
1757.35 
5831.24 
252.003 
5192.91 
2079.79 
6330.92 
357.213 
3668.54 
1092.8 
5974.18 
680.098 
4678.41 
3164.65 
6383.92 
65.257 
4494.75 
1939.67 
5570.04 
149.9 
5388.03 
2416.1 
6432.75 
454.092 
3618.42 
1287.92 
6247.69 
841.907 
4768.17 
2962.91 
6464.46 
6.99904 
3966.65 
1537.69 
5672.48 
34.1229 
5232.92 
2174.63 
6265.83 
271.604 
3366.67 
1169.34 
6076.56 
590.457 
4943.14 
2662.59 
6440.15 
109.006 
4258.38 
1893.59 
5800.73 
214.998 
5462.47 
2514.18 
6345.32 
428.836 
3867.86 
981.946 
6188.89 
876.059 
4541.16 
3013.28 
6467.77 
15.0015 
4064.73 
1668.32 
5604.77 
165.05 
5350.02 
2367.35 
6299.87 
506.641 
3517.91 
1328.41 
6000.8 
711.24 
5028.17 
2812.28 
6358.95 
56.2735 
4401.04 
1847.83 
5890.37 
96.9059 
5070.04 
2127.07 
6457.4 
334.74 
3718.56 
1130.81 
6100.43 
533.921 
4723.47 
3215.16 
6472.36 
19.0658 
3917.34 
1494.96 
5705.46 
233.133 
5152.41 
2465.04 
6315.77 
480.029 
3316.18 
1410.79 
5861.13 
910.788 
4812.5 
2762.27 
6405.8 
28.3731 
4306.2 
1712.65 
5534.74 
85.5782 
5425.52 
2270.52 
6478.98 
312.978 
3417.13 
1055.31 
6051.99 
649.582 
4632.99 
2912.62 
6228.82 
40.696 
 4162 
1247.9 
5946.9 
180.952 
5311.49 
3114.15 
6395.25 
135.507 
3768.46 
1986.07 
6146.08 
808.341 
 4900 
2612.96 
6424.56 
404.267 
5769.59 
1580.83 
4448.04 
