rho_max: 10
rho_min: 0
iterations: 145616
N: 300
eps: 1e-08
791.232 
2837.08 
214.027 
3492.75 
30.9668 
1968.17 
1423.79 
3129.64 
534.708 
2285.29 
983.517 
3597.33 
6.99827 
2588.58 
1171.73 
3624.21 
154.883 
2376.36 
672.057 
3355.92 
411.679 
2960.04 
1722.53 
3542.69 
86.7593 
2081.06 
950.446 
3312.96 
58.8797 
3032.99 
1314.34 
3583.12 
324.503 
1892.62 
615.493 
3442.75 
366.792 
2673.75 
1553.53 
3616.35 
2.99966 
2193.01 
1067.81 
3207.03 
124.301 
2884.05 
1154.22 
3529.36 
275.418 
2024.7 
715.831 
3386.4 
459.081 
2553.93 
 1666 
3561.22 
18.9875 
2483.72 
869.508 
3255.66 
10.9958 
2989.6 
1368.83 
3605.69 
190.433 
2155.82 
561.079 
3460.14 
304.358 
2740.26 
1798.08 
3626.53 
46.9236 
2321.88 
1000.19 
3116.24 
99.244 
 2930 
1278.3 
3507.95 
239.267 
1835.9 
760.715 
3334.77 
483.697 
2772.94 
1497.69 
3572.58 
38.9474 
2448.2 
853.633 
3279.05 
22.9817 
3102.71 
1332.45 
3613.07 
168.525 
2043.51 
643.513 
3476.8 
388.916 
2639.94 
1684.83 
3632.3 
70.8257 
2230.05 
1119.41 
3181.81 
113.569 
2852.85 
1206.98 
3555.24 
256.99 
1930.42 
601.684 
3405.88 
521.737 
2707.19 
1609.65 
3621.94 
14.9922 
2394.41 
917.766 
3231.65 
50.9101 
3018.66 
1460.66 
3588.07 
205.977 
2118.5 
806.664 
3424.66 
400.218 
2571.29 
1760.29 
3635.74 
66.8448 
2340.09 
1033.82 
3156.01 
  130 
2945.08 
1242.51 
3536.12 
334.827 
1987.03 
701.114 
3376.41 
435.071 
2789.13 
1516.27 
3601.63 
26.9748 
2465.99 
934.056 
3301.82 
34.9577 
3075.22 
1387.1 
3648.14 
182.94 
2099.79 
574.476 
3500.44 
345.318 
2656.89 
1816.99 
3515.28 
94.9337 
2248.51 
1102.13 
3219.41 
148.357 
2899.48 
1442.2 
3639.52 
266.116 
1873.72 
822.209 
3433.8 
496.23 
2805.22 
1590.92 
3619.33 
78.7848 
2358.26 
885.49 
3345.43 
103.777 
3047.2 
1189.32 
3658.34 
230.673 
2005.88 
657.72 
3468.56 
446.999 
2605.78 
1703.68 
 3567 
42.9361 
2266.92 
1050.77 
3267.43 
142.032 
2914.8 
1296.29 
3629.22 
294.54 
1911.52 
745.633 
3549.06 
547.822 
2690.51 
1572.21 
3592.81 
54.8954 
2518.97 
1136.78 
3168.98 
62.8628 
3089.03 
1405.42 
3670.54 
222.26 
2174.44 
686.522 
3396.22 
423.297 
2821.2 
1647.2 
3653.02 
118.822 
2303.61 
966.934 
3323.95 
175.637 
3004.19 
1479.15 
3685.73 
355.973 
1949.3 
775.915 
3451.53 
508.91 
2723.78 
1779.18 
3609.51 
74.8055 
2501.38 
901.576 
3366.25 
161.606 
3061.28 
1260.38 
3643.65 
248.04 
2137.18 
730.671 
3484.87 
471.314 
2756.65 
1628.41 
3695.2 
82.7659 
2430.33 
1084.93 
3243.73 
90.7956 
3142.9 
1350.61 
3664.15 
284.892 
2062.29 
629.437 
3522.42 
377.774 
2622.9 
1854.81 
3677.66 
198.112 
2412.4 
837.866 
3194.49 
314.346 
2868.5 
1741.41 
3415.36 
108.552 
2211.55 
1224.71 
3707.22 
588.011 
2974.88 
1534.88 
3577.95 
135.912 
3290.52 
1016.96 
2536.49 
