rho_max: 10
rho_min: 0
iterations: 3683
N: 50
eps: 1e-08
44.1684 
82.3161 
2.98793 
102.223 
10.8514 
61.0492 
26.0918 
90.4313 
6.93939 
67.4299 
29.7964 
104.145 
14.7233 
95.4793 
51.0725 
108.328 
18.5545 
76.5564 
37.0736 
113.578 
22.3442 
97.8692 
54.45 
116.59 
33.4573 
87.7967 
70.5335 
123.411 
40.6443 
119.863 
57.7761 
135.939 
47.6448 
106.11 
79.4704 
146.277 
64.2678 
127.253 
92.9944 
158.958 
73.5765 
140.87 
110.823 
166.619 
85.0917 
175.702 
131.417 
152.258 
100.133 
187.392 
