rho_max: 5
rho_min: 0
iterations: 16474
N: 100
eps: 1e-08
338.624 
1330.36 
74.3476 
1528.92 
14.9885 
938.263 
761.019 
1456.69 
192.132 
1013.06 
446.046 
1625.43 
119.905 
1202.78 
611.162 
1608.31 
2.99923 
1110.13 
279.647 
1423.41 
40.536 
1157.1 
562.605 
1574.48 
95.7076 
837.104 
401.83 
1614.84 
242.935 
1289.58 
710.562 
1592.91 
6.99617 
963.339 
491.727 
1501.98 
55.9224 
1387.81 
538.695 
1635.78 
161.299 
887.806 
318.469 
1553.12 
146.839 
1246.99 
685.486 
1584.07 
23.3777 
1062.06 
423.744 
1487.52 
34.0213 
1310.2 
635.762 
1629.38 
107.458 
913.078 
298.804 
1541.37 
208.475 
1180.11 
811.722 
1640.37 
10.9908 
1086.22 
468.714 
1440.35 
19.0441 
1369.18 
586.769 
1620.56 
84.6668 
862.473 
261.019 
1564.16 
176.401 
1225.08 
735.747 
1632.47 
28.3115 
1037.66 
359.249 
1405.89 
64.762 
1268.5 
786.352 
1515.79 
47.8421 
988.28 
515.061 
1646.98 
225.415 
1350.02 
660.545 
 1601 
133.036 
1472.42 
380.324 
1133.76 
