rho_max: 5
rho_min: 0
iterations: 269020
N: 400
eps: 1e-08
8194.98 
18922.6 
3409.8 
23634.5 
731.43 
15425.3 
5699.35 
22470.4 
1358.29 
17830.2 
10418.4 
25428.2 
216.674 
14029.8 
6822.22 
24874.2 
944.64 
20780 
9243.79 
25704.1 
2394.53 
16597.6 
4420.57 
23172 
2756.79 
20294.5 
11715 
25647.6 
28.3887 
14630.6 
6123.05 
24386.5 
85.81 
21843.1 
9827.72 
25255.9 
1791.05 
13124.4 
4964.86 
24104.3 
2633.52 
19707.4 
11214.1 
25170.6 
385.895 
17172.1 
7453.59 
22798.5 
488.949 
21248 
8858.87 
25721.4 
1543.69 
14330.6 
5124.81 
24518.2 
3207.61 
18382.5 
12419 
25545.8 
136.137 
15917.1 
7729.27 
22127.6 
274.336 
21016.2 
9147.21 
25013.4 
1226.66 
15029 
4120.86 
23902.2 
2946.35 
19275.3 
12721.2 
25578.8 
2.99995 
16886 
6469.49 
23350.3 
604.165 
20045.5 
8383.32 
25334.3 
2055.42 
13627.8 
5450.37 
24723.2 
3687.5 
18199.7 
10715.8 
25710.7 
65.3827 
15720.9 
7180.89 
22335 
6.99976 
21549.8 
10122.3 
25509.7 
1101.45 
14830 
4269.66 
24004.6 
2165.84 
19187.7 
11915.9 
24762.1 
435.895 
17643.6 
5952.29 
22925.5 
799.542 
20539.3 
8007.8 
25635.4 
1947.66 
13426.5 
4573.56 
24475 
3341.82 
18744 
11114.2 
25728.5 
182.118 
16210 
7000.84 
22603.4 
316.648 
21697.6 
9632.27 
24945.3 
1496.29 
15227.4 
4806.85 
23743.6 
2512.75 
19535.8 
12217.6 
25382.8 
19.0713 
16694 
6295.46 
23291.5 
907.262 
20376.5 
8667.87 
25199.8 
1640.57 
13829 
3901.7 
24201.1 
3075.78 
18563.9 
10914.8 
25669.6 
109.4 
16014.9 
7545.16 
21986.5 
545.044 
21171.3 
9437.61 
25110 
1021.59 
14130.2 
5286.66 
24643.4 
2278.89 
19449.4 
12117 
25725.4 
254.34 
17361.5 
6645.09 
23522.8 
666.299 
20620 
8289.01 
25470.5 
2222.04 
12922.8 
4047.26 
23797.2 
3547.5 
18015.6 
11514.4 
25688.5 
40.7365 
15622.5 
7271.45 
22669 
338.961 
21400 
10220.8 
25078.5 
1313.7 
14929.6 
4885.61 
24295.2 
2819.36 
19877.3 
12822 
25528.1 
56.3626 
16981.6 
6037.46 
23050 
574.227 
20128.9 
8954.75 
25282.8 
1842.58 
13527.2 
3829.74 
24153 
3274.42 
18473.4 
10517.4 
25608.7 
166.01 
16404.2 
7090.69 
22197.3 
410.512 
21770.6 
9534.83 
24837.6 
1142.47 
14530.7 
5532.92 
24560.6 
2694.84 
19011.4 
12519.7 
25716.5 
10.9996 
17737 
6382.28 
23232.1 
982.751 
20938 
8572.75 
25449.7 
1690.05 
13225.1 
4650.82 
23579 
3010.77 
18107.8 
11314.1 
25659 
122.376 
16307.2 
7914.65 
22734.1 
295.106 
21324.3 
9925.73 
24979.7 
1403.59 
15128.3 
5205.5 
24341.2 
2336.39 
19792.5 
11815.4 
25562.7 
34.1487 
17455.8 
5783.23 
22988 
765.114 
20211.9 
8101.24 
25228.2 
1740.21 
14230.4 
4496.81 
24683.7 
3758.34 
18833.5 
10616.5 
25736.4 
15.0048 
15819.1 
6911.35 
22403 
516.617 
21624 
10023.9 
25140.7 
1269.82 
14430.7 
4194.99 
23953.8 
2110.3 
19621.8 
12318.3 
25405.9 
199.007 
17077 
6733.47 
23111.3 
698.491 
20700.2 
9050.86 
25622.4 
2001.21 
13023.6 
5615.91 
24602.4 
3478.36 
17923 
11414.2 
25731.8 
48.1447 
16112.6 
7637.05 
22266.5 
362.044 
21915.1 
8477.9 
24910.1 
1061.16 
13929.4 
4344.85 
23850 
2882.55 
19961.6 
12016.4 
25679.4 
75.1997 
17266.9 
5867.54 
23465.9 
870.618 
21094 
10319.5 
25358.9 
1591.78 
13325.8 
5044.59 
24248.5 
3617.22 
18291.2 
10815.2 
25743 
150.682 
15524 
6209.05 
22537.2 
634.857 
20458.2 
8763.25 
25308.9 
1894.78 
14730.4 
5368.29 
23689.4 
2572.82 
19099.7 
11014.5 
25490.5 
235.119 
16790.1 
7362.35 
22057.3 
462.041 
21475.2 
9340.59 
25696.7 
1184.2 
13728.4 
3974.21 
24431.1 
2453.32 
18654.1 
12620.5 
24800.2 
23.4232 
16501 
4728.58 
23408.4 
834.71 
20859.2 
11614.6 
25046.3 
97.2109 
15326.4 
7821.8 
24054.8 
3141.4 
19362.6 
9729.9 
25594.1 
1449.59 
22862.3 
6557.1 
17549.8 
