rho_max: 10
rho_min: 0
iterations: 100552
N: 250
eps: 1e-08
562.007 
1959.17 
182.025 
2340.65 
14.9888 
 1380 
1019.65 
2304.49 
372.822 
1520.71 
737.731 
2488.98 
42.908 
1834.79 
824.097 
2505.6 
103.583 
1733.21 
475.142 
2397.45 
291.715 
2062.67 
1238.19 
2517.98 
2.9995 
1442.78 
668.138 
2192.15 
70.749 
2146.92 
928.174 
2451.66 
204.755 
1301.24 
416.922 
2322.9 
237.521 
1877.1 
1128.28 
2468.87 
22.9737 
1643.42 
627.543 
2235.1 
54.8495 
2011.83 
868.306 
2512.42 
129.622 
1474.04 
499.345 
2432.72 
320.983 
1777.21 
1190.99 
2522.56 
6.99752 
1582.43 
766.195 
2169.81 
10.9939 
2087.38 
973.685 
2463.33 
154.281 
1348.52 
439.808 
2382.09 
254.927 
1932.21 
1081.52 
2497.76 
34.9391 
1673.6 
587.891 
2275.68 
86.6431 
1985.72 
898.116 
2520.25 
220.793 
1411.43 
536.583 
2389.86 
341.269 
1806.16 
1159.59 
2445.54 
18.982 
1551.65 
695.696 
2255.7 
50.8706 
2111.58 
809.505 
2528.35 
118.529 
1269.71 
463.233 
2419.16 
272.996 
1863.08 
1050.51 
2479.34 
26.9637 
1658.54 
780.552 
2224.58 
94.7872 
2050.14 
943.29 
2535.56 
167.779 
1489.63 
394.588 
2366.03 
331.05 
1972.5 
1097.08 
2501.8 
30.9522 
1613.02 
614.218 
2295.05 
62.8025 
2123.49 
883.179 
2525.26 
147.819 
1332.76 
524.049 
2426.04 
282.275 
1848.98 
1206.71 
2484.27 
38.9244 
1747.95 
654.505 
2203.1 
78.6898 
2024.71 
1004.28 
2544.18 
189.422 
1427.12 
428.297 
2357.74 
383.633 
1918.58 
1143.93 
2531.78 
46.8901 
1597.75 
723.629 
2313.78 
123.968 
2181.05 
853.5 
2549.06 
160.935 
1395.72 
574.892 
2457.59 
311.071 
1791.72 
1253.95 
2509.15 
58.8268 
1703.53 
640.973 
2245.48 
108.329 
2075.09 
1035.06 
2560.17 
229.071 
1536.2 
487.18 
2404.87 
362.157 
1998.83 
1112.67 
2515.38 
82.6609 
1628.25 
794.989 
2331.86 
113.314 
2135.27 
913.115 
2566.56 
212.686 
1364.27 
  601 
2439.23 
351.638 
1904.85 
1285.47 
2539.69 
66.7765 
1762.61 
709.616 
2265.77 
74.72 
2099.54 
988.959 
2573.67 
196.999 
1505.19 
511.636 
2412.11 
405.685 
1891.02 
1175.28 
2591.2 
141.553 
1688.59 
838.763 
2349.28 
90.6661 
2158.43 
958.461 
2554.37 
246.14 
1458.42 
549.236 
2474.21 
263.879 
1820.52 
 1317 
2581.74 
135.486 
1718.41 
681.869 
2285.44 
301.314 
2037.48 
 1066 
2603.23 
99.0762 
1567.06 
451.454 
2374.15 
1222.44 
2213.92 
174.81 
2493.48 
751.92 
1945.74 
