rho_max: 5
rho_min: 0
iterations: 37443
N: 150
eps: 1e-08
1147.54 
2722.45 
522.647 
3529.96 
108.6 
2264.69 
720.744 
3168.3 
19.0602 
2446.36 
1699.7 
3636.51 
249.613 
1965.12 
909.45 
3396.01 
352.288 
2973.93 
1437.1 
3589.98 
2.99966 
2410.5 
576.589 
3485.07 
65.1276 
2787.91 
1326.8 
3243.17 
179.756 
1851.39 
1009.38 
3645.37 
446.015 
2882.96 
1511.52 
3568.23 
10.996 
2153.31 
844.802 
3334.39 
85.3398 
3088.24 
1290.45 
3624.19 
288.686 
2040.68 
661.549 
3500.76 
397.909 
2621.4 
1586.49 
3648.46 
34.0964 
2338.03 
975.696 
3193.85 
48.0205 
2913.76 
1218.46 
3556.22 
213.281 
2078.34 
632.706 
3376.14 
374.783 
2587.02 
1775.5 
3608.65 
6.99829 
2517.28 
1077.81 
3312.54 
134.859 
3060.44 
1363.37 
3630.77 
231.1 
1927.25 
781.863 
3451.54 
496.521 
2755.38 
1661.89 
3651.77 
40.6543 
2227.73 
876.919 
3142.18 
14.9981 
3032.12 
1182.86 
3515.73 
164.065 
2190.6 
604.382 
3415.21 
330.434 
2820.02 
1737.58 
3656.37 
74.8494 
2481.96 
1043.43 
3290.04 
121.358 
2851.71 
1400.14 
3616.82 
309.23 
1889.33 
751.069 
3433.72 
470.973 
2655.44 
1548.94 
3641.41 
23.4045 
2374.38 
942.38 
3266.92 
56.1818 
3003.28 
1254.33 
3579.48 
149.097 
2002.94 
690.899 
3468.66 
421.657 
2689.13 
1624.14 
3599.7 
96.5922 
2301.46 
813.112 
3218.81 
268.811 
2944.08 
1474.23 
3662.98 
28.3571 
2115.89 
549.341 
3355.59 
1813.44 
3115.48 
196.164 
3543.46 
1112.52 
2552.3 
