rho_max: 5
rho_min: 0
iterations: 4039
N: 50
eps: 1e-08
71.7398 
320.363 
28.0706 
392.932 
2.99699 
222.815 
159.507 
378.264 
46.9073 
260.896 
123.736 
409.567 
6.98495 
297.457 
184.514 
416.513 
18.959 
248.308 
91.1406 
361.085 
10.9634 
341.682 
147.304 
399.235 
39.9148 
285.518 
101.581 
413.454 
62.8561 
351.643 
197.224 
419.813 
14.9374 
235.598 
112.46 
385.93 
54.5665 
331.242 
171.926 
424.397 
23.2355 
273.316 
81.1806 
404.798 
210.007 
369.971 
33.6256 
430.995 
135.365 
309.086 
