rho_max: 10
rho_min: 0
iterations: 63834
N: 200
eps: 1e-08
516.439 
1200.56 
234.341 
1559.94 
26.9434 
998.109 
343.791 
1405.25 
2.99923 
1131.29 
772.029 
1611.48 
78.5148 
860.286 
416.084 
1509.62 
159.708 
1328.97 
647.655 
1593.99 
58.7294 
1083.65 
259.811 
1536.21 
14.9825 
1255.88 
551.429 
1440.11 
107.92 
822.428 
363.869 
1618.63 
187.576 
1277.31 
734.399 
1570.68 
34.9049 
973.277 
482.167 
1480.32 
6.99613 
1358.55 
587.06 
1608.54 
128.931 
923.249 
305.129 
1502.54 
202.523 
1154.69 
684.606 
1585.29 
10.9906 
1035.06 
437.721 
1396.18 
50.7979 
1338.95 
528.026 
1621.34 
94.5179 
885.507 
324.204 
1548.45 
173.297 
1177.79 
759.465 
1601.77 
22.9589 
1119.48 
394.865 
1464.7 
70.6078 
1298.32 
611.131 
1627.86 
123.358 
935.794 
277.52 
1565.41 
218.118 
1234.04 
709.438 
1580.63 
18.972 
1010.47 
459.756 
1431.61 
42.8564 
1377.63 
575.116 
1631.64 
146.834 
847.667 
333.935 
1523.26 
242.682 
1166.28 
809.813 
1616.31 
30.9254 
1059.46 
426.851 
1472.59 
38.8819 
1308.65 
635.429 
1640.24 
98.7678 
948.316 
295.79 
1554.29 
180.352 
1266.65 
697.004 
1614.06 
62.6914 
1095.66 
493.506 
1495.3 
46.8284 
1414.18 
599.066 
1645.11 
117.993 
898.103 
374.087 
 1598 
268.594 
1222.97 
797.207 
1624.42 
74.5623 
1047.29 
448.69 
1448.46 
54.7649 
1368.15 
672.246 
1656.22 
153.18 
960.811 
314.601 
1529.83 
226.153 
1211.81 
746.92 
1650.42 
103.228 
1107.6 
539.69 
1516.53 
66.6509 
1348.81 
623.253 
1669.7 
134.705 
985.711 
384.42 
1589.75 
286.586 
1287.87 
835.047 
1662.6 
82.4673 
1071.59 
470.916 
1542.42 
86.4291 
1422.97 
659.928 
1677.76 
166.415 
910.684 
353.77 
1605.29 
210.241 
1245.01 
784.611 
1687.21 
90.4277 
1143.03 
405.421 
1456.66 
194.967 
1318.87 
872.9 
1575.75 
112.844 
1022.79 
563.238 
1699.23 
251.173 
1386.97 
721.903 
1635.76 
140.675 
1487.89 
504.931 
1189.22 
