rho_max: 5
rho_min: 0
iterations: 150797
N: 300
eps: 1e-08
3225.67 
11160.5 
600.576 
13577.1 
85.7497 
7898.59 
5865.58 
13301.3 
1909.03 
9089.69 
4421.66 
14197.1 
198.641 
10503.1 
4844.68 
14447.5 
973.11 
9739.35 
2391.53 
13850.9 
1519.59 
11716.1 
6840.57 
14478.7 
23.4208 
8498.47 
3676.14 
12803.4 
459.964 
12287.1 
5204.5 
14296.6 
1296.33 
7445.52 
2678.42 
13383.4 
1709.48 
10902.3 
6238.52 
14152 
40.726 
9380.77 
3942.29 
12899.5 
294.278 
11595.9 
4631.88 
14493.4 
759.314 
8049.14 
2977.76 
13912.2 
1383.72 
10298.6 
6689.62 
14362.3 
135.973 
8721.42 
4214.21 
12500.5 
514.008 
12065 
5569.9 
14026.2 
1129.38 
8349.15 
2562.12 
13649.7 
2117.9 
11032.2 
7142.94 
14415.7 
2.99991 
9880.94 
3480.6 
13084.4 
234.601 
11412 
5059.85 
14239.2 
661.92 
7672.26 
2225.71 
13719.6 
1211.54 
10160.6 
6088.95 
14456.5 
6.99957 
9235.66 
4283.04 
12603.8 
360.783 
12232.4 
5423.13 
14103.9 
899.064 
8199.35 
3100.81 
13462.9 
1808.06 
10770.7 
6991.7 
14331 
65.35 
9596.67 
3610.56 
13039.2 
48.1288 
11656.2 
4987.88 
14496.5 
570.991 
7294.24 
2504.74 
13970.7 
1613.3 
10435.3 
6388.53 
14403.5 
165.759 
8869.26 
3875.19 
12394.9 
408.881 
11950.7 
5277.16 
13998.8 
1049.89 
8423.87 
2796.7 
13173.1 
2012.32 
11224.1 
6538.92 
14499.8 
15.0039 
9452.98 
3352.28 
12993.2 
109.298 
11834.4 
4561.51 
14259.1 
827.788 
7823.21 
2171.53 
13786.7 
1428.38 
10637.6 
6163.68 
14472.1 
273.624 
8795.42 
4077.56 
12704.8 
486.617 
12177.1 
5717.4 
14175 
1170.13 
8572.93 
2916.93 
13613.8 
1960.38 
11096.6 
6765.07 
14347.1 
75.1548 
10021.4 
3808.46 
13342.7 
216.237 
11349.8 
4773.48 
14437.7 
693.671 
7521.13 
2737.31 
13685 
1253.61 
10229.8 
5939.9 
14484.5 
10.9991 
9308.33 
4491.43 
12654.6 
337.86 
12008.1 
5496.42 
14052.9 
935.743 
8124.3 
2335.72 
13501.7 
1661.08 
10836.7 
7218.59 
14218.5 
122.245 
9668.14 
3288.76 
12946.7 
34.142 
11535.1 
5132.06 
14504.4 
863.078 
7596.71 
3163.02 
13881.9 
1566.14 
10570.5 
6463.68 
14390.6 
181.814 
9016.41 
4145.71 
12552.4 
434.051 
12341.3 
4702.54 
14078.8 
1011.16 
7973.91 
2447.87 
13423.5 
1858.25 
11287.2 
6916.12 
14314.2 
19.0699 
9810.29 
3545.38 
13216.5 
315.69 
11892.8 
5791.41 
14464.7 
726.137 
7369.88 
2856.58 
13753.5 
2064.82 
10091.2 
6014.36 
14511 
97.1315 
8942.93 
3416.23 
12754.4 
384.458 
11473.8 
4916.15 
14278.2 
1089.3 
8274.31 
3039.06 
13259.2 
1473.67 
10704.4 
6313.47 
14376.8 
28.3847 
9524.95 
4009.74 
12448 
150.478 
12121.3 
5350.04 
14489.4 
630.887 
7747.76 
2280.45 
13819.2 
1339.7 
10367.1 
7067.31 
13941.8 
56.3394 
9162.78 
2620.02 
13129.1 
542.134 
11775.5 
6614.24 
14128.4 
253.731 
8647.25 
4352.19 
13539.7 
1758.47 
10967.4 
5643.56 
14427.1 
793.199 
12851.7 
3742.11 
9951.31 
